521.7001696  466.6506301  492.4098934  426.0964305  316.5097597  269.8415272  76.5838881   13.3328990   3.7063749    1
537.8339171  488.1878440  498.6712107  428.1911790  314.0523387  272.2961481  90.9514132   25.4325600   6.7711741    1
476.1645175  422.8793525  448.8695391  388.6113972  289.4577790  250.9447598  78.7867149   14.7550193   3.8668326    1
600.0600301  540.2326164  559.0253461  486.0503169  357.6600801  302.3761882  98.1278139   28.8456728   7.0599001    1
472.7467024  424.5592061  444.1288204  383.5137285  284.8619533  243.5914388  71.7519321   13.2895264   3.6350604    1
567.4062032  513.2691347  525.4887862  453.4840338  335.3583042  282.9327164  92.8817534   27.2852051   7.2341459    1
498.7157587  444.0518460  471.8396116  407.5546511  304.4179839  263.8194108  83.7216808   15.0569592   4.0127633    1
577.6663333  524.2996499  528.4506838  451.9155412  322.0844798  271.5082542  81.6148700   23.9683905   6.6305990    1
447.1368600  401.8653358  420.2667502  363.0332502  270.0998443  231.9846018  70.7186637   12.8908323   3.5148822    1
602.8001502  541.1955979  565.5108806  492.1127231  365.5827915  314.6585794  105.1313157  31.5496811   8.0986407    1
584.8099051  533.0977990  538.3139488  460.2321995  330.1166209  275.6228115  81.6280015   24.2671336   6.5556817    1
444.2895611  401.4849916  417.2194687  359.3988501  266.7242896  230.4188515  73.5728299   13.4855371   3.6601525    1
556.3756880  505.2151077  515.8954478  444.9485160  327.9499125  279.1333167  92.7942096   26.1011756   7.0077106    1
523.2321115  469.1545628  494.5108423  428.1988887  318.7046627  271.1283584  78.0672305   13.1060270   3.6779812    1
528.2769546  468.5206558  498.6131261  431.6114213  321.9296645  273.9746008  81.9752671   14.4781020   4.0028585    1
518.9321091  463.9565254  490.0734934  424.4746851  314.9725353  269.1759249  76.5458537   13.6657001   3.8641914    1
546.3869436  491.9084543  505.5871687  434.8080291  320.2898325  276.2793898  93.1728364   26.3955415   7.2408801    1
605.0500251  550.2563783  563.7162332  490.3983243  362.2014133  305.9304653  100.1588294  31.3341046   7.6609218    1
649.0320161  587.3311657  606.8899034  529.7273638  393.7390571  332.9027014  116.6017384  35.0711293   9.9252751    1
586.5013116  526.0794104  555.8730389  481.8696804  358.3238495  305.9869037  90.4680360   14.7850464   4.2478371    1
583.0065034  527.6263133  544.2158580  470.6426131  345.8635569  296.8784393  94.0745373   25.9589170   5.8410215    1
542.7141863  483.9562910  512.9756473  444.3423867  331.5333554  282.0315586  84.4490891   13.8400246   3.9156963    1
624.5635319  558.7043523  579.6637904  502.5596132  368.4717359  309.8436719  102.5093797  32.9164582   9.1432736    1
521.9854277  466.2702860  488.7015376  420.7399164  310.7649776  264.2377894  78.1496384   14.4338953   4.1085097    1
538.6730292  477.3953536  508.4069891  437.1581075  324.4335971  275.7368622  80.6393081   13.5280756   3.8740962    1
547.2448726  499.3059031  503.4569369  429.9420545  311.1962232  262.2986494  79.2052276   21.4569785   4.6675982    1
513.7552020  463.9882208  483.1322119  416.0807001  307.0249264  259.9145437  73.8232232   13.0935157   3.7631624    1
619.2408706  557.4787395  573.7618811  498.1824247  366.4035143  308.7668835  100.8985743  30.4181778   7.5658021    1
453.3121706  403.9889243  426.2254759  367.1008200  273.6734949  237.5186098  76.3826227   14.4956179   3.9097534    1
405.1299568  362.2778444  378.6371726  325.7172588  241.2808478  209.5442944  67.1291654   14.1436327   3.8067435    1
516.2538521  465.5412929  485.0112933  417.2006024  307.5162043  261.3535126  73.9658523   13.2620015   3.8906041    1
519.9727731  464.9073859  489.5482562  423.7245619  315.6381376  268.8843276  81.8690877   14.6107220   4.0933223    1
568.9051101  505.8894728  538.7892455  467.3849057  347.1036958  295.8063575  84.8040770   14.4555816   4.0490809    1
477.9817176  425.7636293  451.6496740  389.3351077  289.9649046  251.9843673  78.6837050   14.8934779   3.8291944    1
614.7236119  553.4079541  572.8280808  497.7009339  367.4212107  311.4107054  103.2907079  31.1568284   8.1727162    1
523.6388685  470.9611977  497.1868354  429.8840248  321.2482145  273.5752394  80.5141115   13.7891452   3.8173087    1
528.3561930  475.2083745  497.9520517  430.9088411  318.9661493  271.4326337  73.9436655   12.1259734   3.2969767    1
562.8014008  511.0805404  520.1121395  447.8374605  328.2453728  277.9339670  87.7122937   24.1609867   5.6701428    1
547.9386364  491.9435190  516.6930590  446.9678181  331.9374711  282.1836963  80.7597504   13.8600427   3.9262614    1
542.3285595  484.8120654  512.0745938  444.1099541  330.7330478  280.6559804  83.9958456   13.7808043   3.8404198    1
558.9669836  503.3329166  515.0710773  442.7672170  322.7848300  274.5197599  85.3070285   24.1500438   5.8881604    1
603.1853428  546.6670837  562.6365267  489.7928132  360.2754503  303.5930466  100.8504252  31.1043022   7.5733780    1
586.1843423  526.9259631  546.7473321  474.5820828  353.5564658  303.9607304  103.5817909  31.2968985   8.5169989    1
570.7591297  518.5655329  530.5225531  460.2759714  341.2675088  288.6230616  97.3333542   27.9078602   7.4243853    1
495.7258307  442.9742041  466.2612301  403.6561231  300.5115321  256.7323307  78.8580295   14.4230522   3.9804076    1
531.8743768  475.4302419  500.1118634  431.2046643  319.1087784  270.2852621  80.4206102   14.0160172   4.0404967    1
589.9049526  530.5590296  552.2188179  477.1062616  351.7837044  303.6368185  97.8958229   27.9757066   6.8317813    1
554.4584794  501.7133568  512.2988579  442.5483576  325.5205729  276.0517759  90.3298524   25.4478802   6.7383451    1
420.3701374  375.9385400  395.3994846  340.2284463  251.8116276  219.2494104  71.0356172   15.1161794   3.9427694    1
455.6048009  407.2218499  429.7210201  371.4642131  275.2027956  241.0938452  75.2574378   15.5440666   3.8760771    1
569.5247625  518.5217610  528.1150993  455.9498500  337.0872937  285.4364683  93.1159330   26.5837606   6.6760544    1
530.5748675  473.5919117  498.9708308  430.2273911  319.1008546  270.5641812  81.4015813   14.2829254   4.0636079    1
625.1150577  565.4889946  579.9264217  503.2161915  368.6030516  312.1548275  102.4874938  33.1386006   9.2804816    1
650.3889446  587.2873938  606.7877690  529.9826998  394.2862057  334.3471737  115.4527264  34.5163207   9.5751001    1
633.9132067  570.5227615  588.0971737  511.0513591  373.7900201  315.3589295  102.3189720  31.1502626   8.5304672    1
471.0668488  423.1329153  444.2556018  384.8502157  285.7890423  245.7213662  74.8612459   13.9009130   3.7836323    1
401.7544021  360.0591699  375.8162865  322.9703285  239.7277757  209.3794786  68.7345348   15.5290531   4.0972842    1
461.8435021  412.3248012  434.8330272  375.6215865  278.6258933  242.4504062  75.6663078   15.1753997   4.1045478    1
528.6837116  470.2005093  498.2191982  430.9669492  319.4098842  272.3074254  73.8977073   12.2585934   3.3847992    1
519.4550824  462.6253208  490.9156841  424.7018351  316.5652266  270.3106184  79.1274399   13.4455009   3.7380703    1
389.9848624  350.1385255  364.9221421  312.7010352  231.0590976  200.7773607  66.4905041   14.9535322   3.9599377    1
548.0231573  488.3619445  518.8890940  449.8943554  331.1847065  281.8350474  71.3494012   11.4695461   3.1048236    1
422.6469200  379.2665517  396.7533288  341.8766044  254.0778451  220.6757011  70.7313419   14.5957084   3.8727755    1
530.5695849  476.1909303  499.1111959  430.2696515  318.7997487  270.7099798  80.0656223   14.1236145   3.9810680    1
580.9142072  526.0505254  542.7640905  469.4315909  347.0016259  297.0535268  96.6658329   28.7953352   7.3503098    1
442.1712552  391.9763868  416.5266989  359.7263687  267.9366367  233.0749218  73.8184689   14.9577027   4.0437983    1
592.1898450  532.6600802  555.0421045  482.1327331  356.3250376  307.2348675  101.1874688  30.1883754   7.5986310    1
419.2291048  372.6739190  393.2849520  338.9817625  251.0588631  219.2303932  71.5205561   15.2704857   4.1098303    1
620.4664834  558.5292648  578.4600635  503.2380775  371.1308780  313.0827915  103.9866809  31.7521261   8.0220399    1
615.3801902  553.2766384  572.5070870  498.4523513  369.8396074  312.7063532  105.7112932  32.4437219   8.9168382    1
444.9287506  399.2980125  417.6722594  360.0116269  268.4516861  230.7484832  72.8485912   13.3979579   3.6502477    1
629.3521762  568.2028515  585.5729950  509.2056446  375.9129566  315.9542272  105.6784643  32.5312656   8.9429330    1
493.5071563  439.6461924  466.6098790  403.1067370  301.0741245  260.0856986  80.6710035   13.8800608   3.7301464    1
492.1865167  437.3958226  465.1473650  403.1331498  299.4418141  256.7576869  78.8611990   15.0761432   4.2300085    1
527.4845709  470.2005093  497.1777796  428.1354980  316.7712464  268.0665876  71.2796714   12.1601710   3.3583864    1
556.8746875  504.4272137  515.8151994  445.2330333  328.3219736  280.9104553  93.0765383   26.6964732   7.2846519    1
521.0979580  467.0309743  490.3542236  421.5692781  312.5002980  265.2076671  79.8374158   14.3746751   4.1652972    1
486.1855305  434.2896783  458.6679300  397.2061195  295.4798954  253.0429920  75.5046615   13.8225087   3.7360893    1
541.3354386  485.0339328  510.9426171  442.0339087  328.2291152  278.7415813  82.5457834   15.3138583   4.3455645    1
605.2251127  545.8791897  560.4625230  487.4729032  359.6298150  302.9627314  98.8894447   30.7366183   7.5228720    1
515.8840730  457.9027137  486.7228422  421.0832827  313.7998074  268.5420179  76.1464923   11.8231994   3.1979287    1
425.1033096  378.0304330  397.3781799  342.4999463  254.2125504  220.1178630  71.4127919   13.9718105   3.8001403    1
603.0452728  540.2326164  562.6948892  490.2232367  365.1669586  308.5830416  104.8314783  31.1119622   8.4984800    1
445.8954588  395.0508357  420.0494106  362.8325130  269.1093646  234.3363967  73.5173631   13.9384470   3.6832637    1
610.6615809  549.6435719  565.5911290  487.6406955  353.7753252  298.6468235  94.1117434   28.6191533   7.5464415    1
408.1727104  367.7611398  381.9742401  327.7087832  241.7325065  212.3588414  69.2717710   16.0853899   4.5033809    1
597.0136025  535.6514059  566.4909810  492.4929051  365.9465811  310.8045968  87.8452458   13.5439233   3.8159880    1
573.0090046  515.3264133  530.7997750  459.5318494  338.2581917  286.8021511  94.4969360   27.4263694   7.3233732    1
657.1385694  590.7453728  613.8350427  535.1040105  396.6389446  336.6933467  115.2294898  35.4475675   9.7123081    1
517.6854253  463.2592278  486.4058887  419.5988839  309.9963654  263.6102215  74.2495257   13.3712670   3.8159880    1
608.4992498  547.1485744  567.2544607  493.1121812  365.6812782  307.8126564  103.1024888  30.8329165   8.0211981    1
549.8361682  496.3294148  507.7028098  433.5824163  315.6171837  265.1788395  81.5229490   22.1890633   4.9479066    1
623.7231117  566.7146074  584.4276306  509.5047525  379.1739621  320.4014508  107.9655453  34.1333167   9.1037105    1
522.6827254  466.3653720  492.2604725  425.3251770  316.9059516  268.8399541  81.0561019   14.1744939   4.0345539    1
449.6302275  404.1790964  422.4763688  365.0776002  271.4865158  233.3855362  71.2448065   12.9008413   3.4759233    1
514.3521311  461.3258114  483.2454095  417.1583420  309.1326672  261.3408345  76.4634458   13.8333519   3.9018296    1
514.3415660  457.7442369  482.6341421  415.4732059  306.2642380  259.0968037  72.3272027   12.6998261   3.6542097    1
515.0230160  458.7901835  482.6703653  415.0030582  305.3609206  259.2172460  72.5157900   12.7740599   3.6112889    1
446.8040588  396.2869543  420.6425664  362.2725618  269.6085664  235.5598372  73.3525473   15.6700140   3.9104137    1
531.4042291  474.5110768  498.7806587  430.6869736  317.9202028  270.2789230  80.3461261   14.0477125   4.0431380    1
64.7498402   56.8475504   79.0047736   84.0162028   78.5901752   71.8600886   46.3480172   27.4226222   8.0582652    2
68.0666270   61.2518083   78.5663868   79.4986667   68.3951339   59.2236747   33.0536833   19.1931848   6.5671751    2
109.4790335  102.4529932  117.3984712  129.2670281  110.8115584  94.3669899   46.0735623   22.9224566   7.5130176    2
114.9908410  103.3312482  129.1224189  140.1937322  122.1985893  104.5804903  47.7589034   25.3573429   8.2883048    2
72.0522454   69.5638561   68.2994717   66.8927494   50.9842193   40.5965821   17.4697041   8.2169844    2.5614763    2
93.2817897   86.3718405   97.1039657   101.3688025  84.5396188   72.3500445   34.2034911   17.2221271   4.9787975    2
122.9910378  109.2064716  139.8507585  155.0392708  136.6595128  118.0571625  56.7489037   30.0052806   10.1350632   2
123.2535048  111.5081055  136.5421597  153.9429663  133.2449177  113.6431738  56.1613814   30.1461043   10.6704959   2
92.0603085   86.8866797   100.4542058  111.3082268  97.6907309   86.1901326   44.0444903   23.4569807   7.1998743    2
93.6351107   85.0090310   98.6674111   103.0041739  85.4935855   72.2137636   34.3549144   17.5931141   5.3294939    2
120.2755136  107.1168303  133.8392541  151.4414536  132.4120897  114.6804233  55.3058398   28.8885339   10.1574738   2
122.6629540  106.7836991  140.0551799  156.6746423  135.9705368  114.4835730  52.4484825   26.2779965   8.7474202    2
127.2914590  114.6879944  140.3277418  150.6419387  129.0656351  109.7743089  51.9321291   26.7496800   9.0617749    2
82.9559185   73.3499240   105.8992926  111.3796937  98.3753521   84.9749898   47.9601931   25.9423022   7.9814103    2
119.4729702  104.4214959  132.5672985  148.1888815  129.1110621  110.9781240  56.5641673   28.7204541   9.7365171    2
104.0934121  97.3046016   111.7693107  119.9090692  103.5508120  87.3106649   42.0335891   21.1515613   6.7704378    2
69.6597576   69.8061334   63.9119821   59.6789442   44.0414618   34.6986453   13.2722507   6.1190149    1.8952138    2
63.8526766   58.6962512   73.8358876   74.1383405   62.5839603   53.4492033   28.9498393   18.1104714   6.1834233    2
103.4725766  96.2749232   118.8521347  138.5825885  125.5601861  109.3351814  56.1114117   27.9595521   8.7607455    2
118.7562333  109.8727340  127.9299605  137.7406750  115.1498354  97.2591746   51.2340678   26.1984993   9.0018113    2
51.8406523   48.6915174   53.0991736   51.8315901   48.3516827   47.2778050   33.9685184   20.2840542   5.8937795    2
90.7075939   81.7382881   94.2950638   99.1701364   76.7413197   62.1441153   24.5638849   11.2568068   3.5154429    2
123.6371104  111.2355436  139.1428546  155.8872412  137.6816199  118.9429887  54.4714975   28.3365960   9.4161054    2
99.3791005   91.1871009   110.0733699  123.5068864  108.8657692  93.6780139   43.1662352   29.1800237   6.8104136    2
69.5437752   60.6808860   81.8525884   81.1615912   68.5650512   58.0057071   32.0233045   18.7507200   6.1923113    2
74.1873137   70.2301186   73.8604918   73.2161857   60.5163150   50.7646556   22.3440196   10.4133792   3.1671694    2
94.1449024   87.6437961   99.3223168   105.2088969  89.4533043   76.1129131   37.1335317   18.5978076   5.7546904    2
113.0475755  103.9369413  126.4422268  145.7297674  128.4826555  111.4929632  58.0420585   29.5086122   9.9315503    2
116.1164207  105.8751594  132.1849548  151.9926344  134.6910101  115.2104048  55.1710731   27.6158212   9.0357301    2
119.7455321  107.4499615  135.8569694  153.8581692  134.4260193  113.9535915  55.1801585   27.7763299   9.0272504    2
99.5759508   91.1871009   108.8544125  119.9030123  105.4057472  92.5196258   43.9384940   22.3046496   6.9848532    2
115.3189248  103.8763720  128.9823523  144.6334628  128.6492211  109.8803052  52.3379435   27.2955610   9.2386373    2
97.0825141   86.0387093   103.0700431  111.6716426  98.1601431   85.3043064   43.1586641   21.3718821   6.6838237    2
68.4698975   61.6052364   86.2942281   89.6755835   76.9997488   64.8350255   35.1225970   20.2262823   6.5650838    2
118.7612807  109.1761869  131.9616054  149.7939683  130.6480084  111.4248227  55.2513274   28.9733309   10.2071407   2
80.9206024   75.2270869   83.4758703   87.0683876   71.1613718   58.3358197   25.4512254   11.9889384   3.7353095    2
117.3782814  106.8745530  126.8472840  137.0925834  114.7712772  96.2370674   43.1677495   21.4718215   7.2961795    2
116.9997232  107.2379689  129.8303227  143.6643538  124.1973766  105.1104718  48.0965773   24.6789666   8.1247677    2
92.1612574   83.9187834   95.3436700   99.5214384   82.8209646   70.9796638   33.4509174   17.4356339   5.4167137    2
86.1598479   79.2246616   92.9473966   103.2585650  89.3624504   75.9009205   34.0323828   16.5740354   4.7898213    2
120.6994988  109.5093182  133.4417680  149.1034782  131.4656942  112.1516544  51.2658666   27.0623691   9.2943611    2
113.7794547  103.9975107  125.9879569  141.7321927  124.3185152  105.8827305  50.9857336   26.4831751   8.7795219    2
119.8616233  108.5099245  134.0512467  150.0544164  131.9956757  113.8551664  55.1544165   28.9650027   9.7377285    2
69.5483063   62.1489719   86.5457058   92.2764518   83.0963835   73.4858579   43.3003795   25.9558955   8.0697673    2
93.7612967   89.0368903   96.9903982   100.6480276  82.6998259   70.5405363   33.4887732   17.3167666   5.2949694    2
81.8745690   75.5602181   84.5055486   91.7503955   75.2573716   62.9012317   25.0787241   11.6232512   3.4615362    2
102.2258582  96.0023613   108.8809115  120.0241509  104.7167713  91.0508200   44.2110559   21.6694289   7.0956950    2
91.3435717   84.4639072   97.8762244   106.7897560  93.6325869   82.1547021   40.1604831   19.0861477   5.4730431    2
116.5101213  104.8757657  127.2788404  137.9768953  114.3927190  94.5184132   40.9690834   20.2346933   6.5433029    2
113.3655644  101.6050228  124.4699385  132.8285037  113.9763050  97.4333113   44.6547261   23.1336920   7.8503887    2
75.3617455   67.5591405   91.5684628   95.5751141   85.9577917   76.3785309   44.6665150   26.2026155   8.3395438    2
82.9850064   76.4990425   85.1945245   93.6280442   77.8997079   65.3694312   28.0905332   13.1314271   4.2271324    2
126.0497881  114.7182791  142.3568138  162.2833607  140.9145070  120.0635210  58.8976001   30.9100347   10.7038090   2
115.2734978  106.5414218  128.7892876  146.9411537  129.8757497  111.5081055  56.4899699   29.3738455   10.1168924   2
109.5194130  101.5141688  115.2331182  123.4281463  103.1571114  85.8645725   39.0475219   19.5510172   6.5148353    2
86.7352564   79.9514933   90.7441878   93.2464576   75.5450758   62.4696753   24.9606139   11.2499928   3.5935773    2
112.8507253  102.0290080  128.7779309  148.5825821  131.0568513  112.5832108  54.5880935   27.2652763   9.0938767    2
57.9712705   52.6879736   67.8004231   68.0756893   59.6273984   52.3236708   30.1610103   17.5422678   5.3730482    2
118.9227989  107.4499615  132.0448882  141.8169898  119.8590995  101.8321577  45.3845863   23.1647338   7.8346407    2
116.3284133  103.6946641  130.0650288  148.3827033  132.7452209  113.9838762  52.4530252   27.3061606   9.1489947    2
94.9524932   86.5535485   104.2170744  114.9423855  96.0326460   79.9439222   33.9702993   15.5383002   4.5263448    2
110.6197556  101.1507529  118.5227891  128.1949513  109.9938727  93.1026055   47.9814956   24.0755449   8.0411820    2
82.4348352   75.8630647   82.2871975   82.0835332   62.7346661   50.9312212   22.3197919   10.4550206   3.4336744    2
135.5137433  121.6837501  152.5627430  167.4983786  144.3442444  122.8345670  54.4184994   28.2245428   9.7601391    2
118.3827225  107.7225234  131.1628476  147.8739211  129.8530362  110.8494142  54.8227996   28.7159114   9.8455419    2
85.4986329   79.5880775   85.4973711   85.9660261   65.7934164   53.3009956   21.0538932   9.9280675    3.1417303    2
132.2783325  115.9599500  145.9947582  155.7842734  131.5565481  112.7119206  49.6138386   26.1984993   8.9551729    2
85.1099798   78.5886838   87.3182361   92.5680813   79.0050978   67.9209135   34.5305654   17.3220664   5.2253146    2
118.1656825  106.9048377  131.8063966  149.0913643  131.7988254  112.6134955  52.2713172   27.6922900   9.5396668    2
125.7772262  111.0538356  142.0198970  156.1476893  134.9635720  114.2110111  51.1205003   26.3143381   8.8170749    2
114.9756987  105.0877583  130.3905889  146.4323714  130.5041563  111.5383901  56.7110479   28.6977406   9.2483284    2
119.0742222  108.2373626  131.7306849  149.3760401  128.4220862  110.3042904  56.1386679   29.4033731   10.1671649   2
105.2694662  95.5480915   111.3415399  116.1053164  97.5998770   83.8127871   37.7089401   19.6706416   6.3949081    2
76.7766518   73.4100075   72.3084031   70.2906879   53.4524188   42.2092401   18.2495340   8.6341556    2.7401557    2
87.3459970   79.1035230   93.5379474   98.9157453   84.8954635   72.5317525   33.5887126   15.3331216   4.4784950    2
113.6886008  99.9393667   128.6984337  150.3209213  133.3811987  113.1056211  54.0793112   27.5756940   8.9018720    2
53.0459328   50.0508562   60.8677950   59.5118546   50.5470149   43.7163372   23.6375431   16.3936264   5.4331728    2
97.9153421   90.3391305   105.6480244  118.0132497  102.7028416  88.9157517   46.2916118   23.6258177   7.4742532    2
116.0558514  107.0562610  130.0612432  147.8375795  130.4511582  111.3793957  55.7222539   29.3738455   10.0036278   2
111.9119009  102.3318545  123.4743304  140.2664154  124.4017980  108.1162240  50.4875510   26.3506797   8.9194371    2
62.6927074   56.7116165   75.9870413   82.5435857   76.6395240   66.9066579   39.9999048   25.4196364   7.7994680    2
97.0017550   90.2179919   101.9570819  113.3796973  98.8339767   85.2210236   42.5832556   21.1788175   6.7771004    2
89.8091491   83.1616669   94.4389159   101.0901836  86.7352564   74.0232718   34.2716316   17.4818180   5.4657748    2
114.8040856  104.8454810  123.3077648  128.2858052  107.4953885  90.4072710   41.0326812   21.3105557   7.2180450    2
108.0607021  96.2143539   117.1637651  128.5765379  110.4859983  93.6098735   42.7377074   21.4082237   7.1726181    2
96.2547335   87.6740808   100.3254960  101.5444535  77.9981330   62.3939637   24.1928979   11.1939662   3.5087803    2
103.6643794  94.3367052   114.3662200  127.8073077  114.2185823  99.9923648   48.0344938   24.8788454   7.9382142    2
99.6920420   90.0362840   114.0065897  133.6098479  120.8054951  105.5344570  50.3694408   24.1293001   7.8637139    2
91.9543122   84.7061844   96.3052079   100.7933940  80.4360478   66.0508360   28.3979225   13.0648008   4.1992705    2
72.6521300   61.8227306   89.9678413   93.5225124   82.6749884   72.6974413   41.5862532   25.8158836   7.9699082    2
95.0635370   86.9472490   102.2561429  109.8969618  88.3024874   72.4181850   34.8485543   16.7125877   5.3458476    2
110.8872700  100.2422132  127.1879864  145.9841585  130.0650288  113.2873291  57.8164379   29.2148511   9.4887886    2
88.6936642   78.4069759   94.8401876   102.0835204  90.1952784   79.7470719   40.1498834   19.7349965   5.9030853    2
110.8115584  99.8485127   122.1380199  134.5850138  117.1561939  99.7198029   46.6111149   24.2034975   8.0551130    2
114.8797973  104.3912112  125.4920457  134.2155410  114.5895693  97.3197439   43.7628430   22.7505911   7.8455431    2
117.7568396  106.9654070  134.2367402  153.4281271  135.9099675  115.4753955  56.2007514   28.2472563   9.1786737    2
100.4844905  91.3082396   112.3560759  127.4560056  113.7643124  98.7809786   48.5841603   25.0847810   7.8485716    2
115.7580523  107.1471149  129.1792026  147.1894879  130.5495833  113.5296063  53.4448477   27.7195462   9.3706784    2
54.6227658   50.6761521   57.3063273   57.1556672   54.6590149   52.8075954   37.6999035   22.7716443   6.3245854    2
65.0262051   63.9309100   58.3093206   53.5129882   39.4533363   30.7010706   12.5196770   5.9357927    1.8376730    2
113.7539566  112.4920924  97.7582761   73.4501513   30.5536632   20.8828185   4.9978098    1.4951597    0.2815135    3
127.7424557  114.9004303  121.6038591  105.1220548  77.7502853   69.4716523   26.6600810   13.8435027   3.9441989    3
75.8027807   75.9790521   50.9667481   36.5611199   21.7604005   17.9492913   5.7706090    2.4795987    0.5312689    3
73.8698736   72.8183235   49.6034669   34.9604945   20.4029081   16.7579397   5.1114907    2.1944538    0.4704857    3
107.5204853  106.2034576  92.0747156   66.4995549   27.4817478   18.8555613   3.7359455    1.3032368    0.2086618    3
75.6629792   75.8574856   50.8278150   36.3382480   21.3349178   17.6514534   5.4989839    2.3490935    0.4511987    3
74.7512306   73.5477224   49.8075249   34.9503640   19.8761200   16.9159762   4.9443368    2.3240651    0.5973122    3
111.6784313  107.8583615  95.0276847   68.6026620   29.5296914   20.7380145   4.8571429    1.6365161    0.2914070    3
74.6114291   73.8516386   50.2286659   35.7405461   20.8993046   17.4326337   5.8332917    2.5126719    0.5125664    3
72.4171541   69.2017206   49.2344258   34.9199723   21.4260927   17.7730199   5.4742907    2.6369200    0.5610761    3
134.1725058  120.7023869  128.2395081  111.6967019  83.0642268   72.9690935   28.6497966   14.5905082   4.0744541    3
75.3955330   76.1310102   51.3357892   36.5661851   21.8414448   18.0404661   5.7953022    2.4635090    0.5634139    3
109.8856187  109.4718928  95.4672685   71.3263579   29.9020448   20.2415433   3.8186907    1.5181445    0.2320463    3
75.0490685   73.1526313   50.2807658   35.5531311   21.1019154   17.4447904   5.5673650    2.4054074    0.5166576    3
144.5609000  129.9746727  141.6700887  126.9697653  96.2406330   84.7194112   34.6084000   17.9859228   5.0829006    3
74.5688809   74.7937789   50.5021905   35.6544365   21.1019154   17.5116519   5.5673650    2.4447377    0.4599655    3
74.4473144   71.9369665   49.8162082   35.3809119   20.3927776   16.9889160   5.6794341    2.4045135    0.4611344    3
122.4827381  112.5416909  115.7849576  100.0069342  73.5750455   65.0686722   25.5243916   12.9823417   3.6100146    3
112.9471910  109.1409120  97.2462902   71.2642991   30.0365057   21.1103678   4.7619860    1.5250399    0.3093951    3
107.1274456  105.9965946  92.0178282   69.0025971   29.0125339   19.4658071   3.8621320    1.4434440    0.2140582    3
233.3163764  197.4834201  238.6766342  220.9307354  168.3312993  149.5115415  59.3796820   30.4959458   8.6828956    3
75.6751359   75.6143526   50.9580648   36.3534438   21.5881813   16.7032348   5.7706090    2.4563581    0.5213332    3
129.5137696  118.1538639  123.2644659  107.2277494  79.9599089   70.5398630   28.0021223   14.6311761   4.1663989    3
107.8100934  106.2448302  91.9195683   66.6098818   27.0783650   18.8865907   3.6697494    1.2802520    0.3318802    3
75.2922015   75.8878772   50.5716571   35.8925042   21.2437430   17.1591091   5.4135075    2.3267467    0.4926949    3
75.6508226   75.9790521   50.9884564   36.3027911   21.5679203   18.0465445   5.6623389    2.4304358    0.6247816    3
114.0366694  110.5062077  98.7150174   73.2363929   31.4535172   21.2965445   5.4301534    1.5652633    0.3228861    3
75.1220084   75.1888699   50.9797731   36.1103108   21.2640040   17.8945863   5.9358634    2.4501010    0.6078324    3
134.1499125  120.4312674  128.0734474  111.5204743  83.3421243   73.3052816   27.3981284   14.2159352   4.0544148    3
75.0004419   73.0614565   50.3024741   36.0343318   21.2640040   17.6453751   5.2881420    2.5046271    0.5482181    3
77.1582470   77.3466750   52.4168626   37.6298919   22.2669275   18.3565390   6.0327367    2.4831742    0.5189954    3
75.6265093   75.0065202   51.0926563   35.8063946   21.3450484   17.5663568   5.5749629    2.3705464    0.4523676    3
72.6298955   71.2379592   49.1345676   34.4843591   20.5346051   16.5512767   5.1779724    2.3374732    0.4313272    3
112.4093472  107.4860081  96.0568281   73.3949878   32.8084698   22.7032128   4.7661232    1.8318867    0.2887088    3
74.3257479   72.1193162   50.3719407   35.8519820   21.3754400   17.9553696   5.9453608    2.6217242    0.6312106    3
74.7026040   73.9124219   50.0636828   35.1175179   20.7068243   16.5451984   5.5521692    2.2623880    0.5049685    3
128.3118066  115.5240051  121.5733582  105.8947453  79.1736625   69.1571538   27.1285152   14.2223565   3.9990121    3
73.6996805   72.3928408   49.5774169   35.1884317   20.4029081   16.7944097   5.2919410    2.4322235    0.4225604    3
131.0862625  119.8619166  125.3859757  108.6285333  81.0443868   71.1905498   27.3348672   14.2830016   4.0172832    3
139.7937161  126.3416718  134.4515329  117.4399160  88.3239445   79.1397725   30.3111565   15.9732175   4.5919386    3
74.8180922   73.2134146   50.4327239   35.7709377   21.2842651   17.7183149   5.8997734    2.4706600    0.5891299    3
108.8926764  107.1963999  93.1038589   72.3261957   32.3016554   21.6482116   4.0193478    1.4606825    0.2122594    3
130.2503108  115.7137887  123.7558699  107.9281413  80.5360378   70.9031631   27.1375525   14.0967854   4.0491103    3
75.4137679   75.2800448   51.0492397   36.2065510   21.5780508   17.6028268   5.4951849    2.3580322    0.4997084    3
195.1653486  165.8166663  197.9341562  180.6649758  138.2438165  123.0557039  48.8527156   24.9993553   7.1056876    3
112.2783340  112.4920924  97.3910943   76.8771814   36.2423953   24.2133126   4.8550743    1.5100998    0.2734189    3
73.4565476   71.3899173   49.3777005   34.8794502   20.3117333   17.2381273   5.3204331    2.3097632    0.5230866    3
123.9738951  113.1652657  117.1846118  101.4664607  75.0390906   66.4242695   25.6674825   13.3497799   3.7603091    3
131.1043371  116.6898188  125.3351408  109.2114401  81.2206145   71.6731424   27.8876497   14.3971572   4.0756329    3
74.5567242   72.9702816   49.8075249   34.8895807   20.4332997   16.9159762   5.1323850    2.0961280    0.5032151    3
128.6732992  116.6627068  122.5493883  106.5770627  79.3702241   69.5096091   26.9929554   14.0518366   3.9294641    3
111.4715683  111.1267967  96.3567794   71.4849529   30.4398886   21.1000247   4.5840838    1.4675780    0.2536320    3
73.7847771   74.0035967   49.7684499   35.0415388   20.6764327   16.8551929   5.5103808    2.2784777    0.4313272    3
111.6025815  111.5405226  95.9068524   70.0782846   29.4055736   20.0657097   4.3586031    1.5112490    0.3030992    3
135.8308532  123.3864696  130.8253100  114.3672287  86.1143208   76.0218987   29.7252372   15.2904245   4.4115852    3
168.6091968  146.9196394  166.9350341  149.8567670  113.0635959  100.3521597  38.9086560   20.0949468   5.6988133    3
214.7763235  184.1985662  219.9355010  202.3093466  155.4599026  139.1385107  53.5476010   27.6220794   7.8866296    3
128.8088590  114.6293108  121.9630924  105.8134095  79.2075524   69.0975075   26.6179068   13.9640795   3.8976370    3
114.0090876  111.9956212  97.9030802   72.5606404   31.2569973   21.8757609   4.9150646    1.9215273    0.2815135    3
76.6051195   75.7967024   52.6469706   37.7413278   22.8241072   18.7516301   6.0289378    2.6717810    0.5762719    3
121.6648610  111.1318697  113.4363852  97.7701986   72.6193494   63.7781435   25.1945296   13.1079128   3.6789733    3
73.1404747   71.6634419   49.3256006   34.6413825   20.1901668   16.6302949   5.1988666    2.3768035    0.4921105    3
129.5860681  116.8796024  123.7050350  107.0786337  79.4922279   70.6483108   27.2384692   14.2580301   4.0007803    3
74.1616332   73.5173308   49.7163500   35.4974131   20.7777381   17.4447904   5.2102635    2.2704329    0.4500298    3
75.4259246   75.7055275   51.3444726   36.4294228   22.1656221   18.2106592   5.9738530    2.5823939    0.5271777    3
124.6562125  114.0057361  117.2591697  101.1185240  75.3712119   65.9796336   25.7894862   13.4453852   3.8369299    3
125.2978619  114.1955197  118.5537651  102.5147893  76.2659062   66.9339741   25.6599514   13.3690436   3.7662030    3
117.5740264  114.5193497  101.5180109  80.7799965   39.3453401   26.5715507   5.4673887    1.7790217    0.3462707    3
212.3000990  182.7616330  213.5336926  194.0627961  147.8414456  129.6330622  52.0248134   26.5668539   7.4946851    3
121.7597528  111.4029892  114.4530832  98.7462287   72.9582487   63.9841943   24.6869337   12.8660457   3.5911542    3
205.6305601  177.8814826  208.8026579  190.1406012  144.4117843  127.5237527  50.2700679   25.9083190   7.3573572    3
135.6998121  120.5668272  130.7304182  114.1458145  85.5449700   74.9862223   28.7898750   15.0599729   4.1893852    3
73.2316496   71.5722671   49.4558504   35.0820610   20.4738219   17.1408742   5.4363012    2.4867497    0.5850387    3
112.5541513  111.9956212  97.6755309   75.3463953   34.5357757   23.6237531   4.8964469    1.5181445    0.2608272    3
74.9275020   75.7663107   51.0405564   36.5205977   21.7300089   18.1316410   5.3489253    2.5511084    0.5528937    3
109.5132654  109.1822846  93.9002814   68.9543290   28.8056710   19.5899249   4.4641033    1.4078176    0.2527326    3
111.4370911  108.6444408  94.7173902   72.7950852   33.2325389   22.6411539   4.6254564    1.4388470    0.2203541    3
76.7874692   74.5810375   52.1607047   37.4120852   22.3986246   18.7759434   5.8788792    2.7307765    0.5102286    3
75.4684729   74.7633873   50.9624065   36.1964204   21.4362232   17.4569470   5.5654656    2.2740083    0.4821748    3
129.6719226  118.4792073  123.8405947  107.9145854  80.3259202   71.1797050   27.2700998   14.2830016   4.0550042    3
113.8229109  109.8856187  96.4912403   71.6711296   30.9570460   21.3586034   5.4011926    1.7583354    0.3129927    3
74.0157534   72.5144073   49.9942163   35.5480658   21.0411322   17.3657721   5.7877043    2.5430636    0.5382824    3
129.8978555  117.5845130  123.1119612  107.2141934  80.1090246   70.6103541   27.4945264   14.3586297   4.0007803    3
137.4530513  121.8139767  130.8727559  114.4982698  85.5314140   75.3061433   29.8141041   15.3061209   4.3827051    3
127.5707467  114.7377586  121.3869636  104.9729391  77.7706192   69.3306702   26.5636829   13.7728689   3.9359474    3
76.6537461   74.4594710   51.4703807   36.9511457   21.7604005   18.2532075   6.1182132    2.5868633    0.4962017    3
74.0096751   74.2467297   49.8639665   35.4974131   21.1728292   17.1347958   5.8161964    2.3499874    0.5254244    3
73.1222397   72.3624492   49.3212590   35.0111472   20.5548662   16.7640181   5.5179787    2.2936735    0.4681479    3
73.4322343   71.1163928   49.1693008   34.6768394   20.3218638   16.7579397   5.1399829    2.2865225    0.4377562    3
122.4917754  111.1589817  115.9544072  99.9120424   75.0323126   66.0067455   25.0017336   12.9052867   3.6512720    3
135.0310508  120.2957077  129.2358721  112.5868775  84.4333801   74.1945535   28.7898750   15.0927927   4.3632553    3
145.5640421  130.1373444  141.3379674  125.1668208  93.4819924   83.4993736   32.2571917   16.8636309   4.7693451    3
113.7608520  111.7887582  98.7460469   77.8149603   37.1319062   24.8649310   4.5985642    1.8054542    0.3471701    3
126.4591569  115.9306843  119.6179090  104.3041778  77.5943916   68.7938537   26.1208545   13.6622807   3.8658100    3
74.1798681   73.3349811   49.9898746   35.5581964   20.8081297   17.4387120   5.0507075    2.4214971    0.5388668    3
130.6118034  118.0454161  123.3898586  106.6448425  79.0652147   69.5041867   26.9327067   14.0589713   3.9601124    3
108.9823170  104.7554167  92.8245939   70.9953772   31.1121933   21.2862014   4.2448285    1.3572510    0.2374427    3
73.9245785   73.1830230   49.8292332   35.6949587   20.9499573   17.0253860   5.4230048    2.4626152    0.5207487    3
110.6579072  106.8654191  94.3295221   70.2575658   29.6951818   20.8724754   4.1351911    1.4411455    0.2536320    3
131.1675983  118.8045506  125.1318012  109.6271567  81.5527358   72.7305083   27.9403673   14.4456733   4.0774010    3
54.9125056   60.5177706   42.0474415   22.9937831   108.6663070  103.7742948  39.6563214   9.3672091    1.1136288    4
53.9208457   58.9905082   42.3019853   23.3809017   98.7788742   94.8493555   36.1802087   8.7674404    1.1740829    4
54.2178134   59.8495933   42.2661901   22.7922694   105.5720099  99.6061413   38.2165585   9.2081192    1.2020827    4
52.4147953   60.5814065   39.3190510   21.0847052   100.3697725  96.1300286   36.4808885   8.5431238    1.0595383    4
53.0458517   56.9223405   40.7269960   22.2672729   107.3617704  102.5254397  38.0924684   9.1110745    1.1429013    4
52.8496409   57.1132483   40.1900678   21.4134909   95.3266249   91.0471086   35.3927140   8.3132390    0.9526299    4
53.6132720   59.5632316   41.5860810   22.6862095   100.3459090  95.7402585   37.1363386   9.1635741    1.1295378    4
52.1655546   57.7496076   38.1616725   20.1248632   89.1459851   83.3153429   32.5704605   8.1843762    1.0493565    4
53.2420624   58.0996052   41.0332439   21.5778837   114.1230881  106.8447285  37.1506566   8.5272148    0.9303573    4
54.1117535   59.5950496   42.8985721   24.2930167   97.7288814   93.0675494   34.9154446   8.0046047    0.9838115    4
53.0564576   59.1495981   41.3076738   22.3256059   103.2890708  98.0311520   37.1538384   8.4953968    0.9952660    4
53.3852433   58.0677872   41.4031277   22.6278765   94.5152668   90.8482463   36.4999792   9.2224373    1.1518104    4
53.4223642   59.3405059   41.1247205   22.6331795   104.9992865  99.7413677   34.8836266   7.9934684    1.0181749    4
53.3534253   59.2450520   42.3417577   22.9513592   111.3549251  105.2061033  37.8490610   8.7761904    1.0748109    4
53.1625175   59.4995957   41.1843792   22.1718190   108.3163094  102.0402157  39.7406390   9.9765231    1.3096275    4
52.6428241   58.7677825   40.4605205   21.3816729   97.0766131   93.5607279   35.1556702   8.4763060    0.9965387    4
52.8443379   58.7359645   41.2997194   22.2089400   104.9356506  99.8765940   37.8745154   8.8501671    1.0480838    4
54.8064458   59.7541394   42.9303901   24.0596850   102.7958924  97.8561532   36.5524789   8.9098258    1.1028107    4
52.9079738   59.3405059   41.6894894   22.7286334   106.7413201  101.6424911  37.6724713   8.7944857    1.0614473    4
54.0481176   58.1314232   42.2105086   23.1528730   115.8889852  110.9969730  41.7324437   9.6662980    1.1238105    4
53.4806972   59.7541394   42.3258487   22.2460610   114.6639935  110.6072029  41.8072159   10.3328843   1.2288098    4
54.4034182   59.7223214   42.3178943   23.7255964   105.9617800  100.9504504  37.8156521   9.6241391    1.2625369    4
52.5685822   56.6359788   40.0667732   21.8218214   94.9607183   90.3948403   35.1270340   8.3903975    0.9220846    4
53.0511546   60.4859526   40.2298403   21.2915220   98.5720574   92.4232356   34.3172668   8.4436926    1.0671746    4
53.5708481   59.0541442   41.9678966   22.8665113   103.4242972  99.4470515   39.3795051   9.8086833    1.1906283    4
52.7276720   58.0996052   42.0792595   22.6331795   107.7038136  102.9470277  38.4901930   9.0744838    1.1448104    4
53.7458469   61.7904892   41.0769936   22.1718190   96.1300286   92.6936883   34.7897636   8.5677827    1.1301741    4
53.4064553   57.2405201   42.9025494   23.1104490   107.2663165  102.0640792  38.6079195   9.2940278    1.1759920    4
53.2261535   59.4995957   40.9696080   22.1930310   99.0811449   95.6288956   36.4888430   8.8430081    1.1085379    4
53.5019092   59.3086879   42.3934619   23.4339317   99.8288671   95.3027615   36.4061162   8.4930105    1.0137204    4
53.1094876   56.6996147   41.7213074   22.8452993   105.7390542  101.0777222  36.5429335   8.9575528    1.1581739    4
54.4299332   59.5314136   41.9917601   23.6195365   96.8141148   93.2345937   37.3161101   9.3695954    1.2606278    4
54.2549343   59.1814160   42.8587997   23.2377209   106.6856387  103.0345271  39.4733681   9.2940278    1.1155379    4
52.4094923   57.6223357   38.9531444   20.5225878   89.4880283   85.3755562   30.5961557   6.9681345    0.8520851    4
52.6163091   58.3541489   39.3628007   20.9733423   99.0175090   94.5073123   34.3109032   7.8208559    0.8476306    4
52.9769127   56.7632506   41.3235828   22.3892418   101.3959019  97.0368406   38.8338270   9.1206198    1.0875381    4
52.4041893   58.8632364   39.8997289   21.5513687   93.3141386   88.7323516   35.9383921   8.5025559    0.9577208    4
53.0352457   58.4177848   40.9735852   22.4899987   103.3447523  97.6652454   38.6890553   9.0315295    1.0926289    4
52.4094923   57.6859716   39.4741636   21.4453088   92.0016475   88.6368977   33.9259058   7.8940373    0.9990841    4
53.2314565   61.6313994   40.9894942   21.9650023   94.2527686   91.2141529   34.0690867   8.0690361    0.9144483    4
53.6716050   58.7359645   40.2417720   21.7210645   89.8618894   87.3164521   33.9815873   8.2201714    1.0270839    4
52.1231307   57.7814255   38.8179180   21.0316753   95.6209411   91.1505170   35.0999888   7.8956282    0.9577208    4
53.3003954   58.0359693   41.3474463   23.3119628   96.6072981   92.9402775   36.4729340   9.0482340    1.1091743    4
55.2412913   61.6313994   41.5343768   23.1316610   94.2209506   91.7948308   35.1333976   8.7284634    1.3560817    4
52.6587331   58.5132387   41.2241517   21.8960633   106.7651836  102.0402157  39.3699597   9.0458476    1.1212651    4
53.3693343   58.8632364   41.1446068   22.1081831   108.9606232  102.2549870  39.6054127   9.5867530    1.1989009    4
53.0988816   58.1950591   41.7372164   22.6596945   101.0777222  96.6391160   39.3667779   9.2630052    1.1899919    4
51.8208600   56.2859812   39.5338223   21.2437950   93.1789123   87.6505407   33.5059087   8.1724445    1.0143567    4
52.3511594   58.2268771   37.7639479   20.6657687   76.8881139   72.9983676   28.0777637   7.0659747    0.8571760    4
53.5231211   56.7632506   41.4150595   22.7657544   106.1208698  101.2288576  38.4536023   8.9853935    1.1015380    4
52.8284289   57.2087022   40.0985912   21.5831867   103.1617990  98.6595568   37.3367917   8.9838026    1.1231742    4
52.9769127   58.2268771   40.9696080   22.3945448   98.7709197   93.7198177   35.2813512   8.4548289    0.9583571    4
53.0299427   59.5314136   41.1406295   22.7445424   100.0436383  96.3686633   39.3397327   9.3831181    1.0589019    4
54.9761416   59.6586855   42.7076643   23.3649927   104.6015619  100.3300000  39.3556417   9.5127763    1.1950828    4
53.0299427   58.4496028   40.4008618   22.0975771   93.5686823   88.8516689   36.9247491   9.1214153    1.1626285    4
54.3556912   57.3359740   41.7690343   22.3574238   103.0822541  96.9175232   35.4468046   8.4802833    1.0410838    4
52.3352504   58.0041513   39.6491624   21.3074310   105.2936027  99.6856862   36.4411160   8.3657386    0.9672662    4
52.9132768   57.3677920   41.3036966   22.0286382   105.9935979  100.1629557  36.9645215   8.5065331    0.9201756    4
54.0375116   59.4677777   42.5963015   23.5134766   103.4561152  98.6754658   37.3702006   9.5326625    1.2288098    4
53.2102445   58.2268771   40.9059720   22.1930310   100.6959066  95.5254872   35.1031706   8.2130124    0.9602662    4
53.0564576   59.1177801   41.3752870   22.4634837   106.5504123  102.6527115  40.2051813   9.5636850    1.1969919    4
54.9178086   58.3223310   43.5906129   23.2536299   140.1183660  131.9013764  49.4626184   12.2188942   1.5527167    4
53.1837295   58.6405106   41.0173349   21.5990957   98.3334227   93.9982249   36.3679347   8.5669872    0.9411754    4
53.5337271   57.5586998   41.8008523   22.6172705   107.1867716  101.1334037  38.1306500   9.2614143    1.1378104    4
52.1443426   58.3859669   39.3110965   21.2278861   95.7323040   90.6732475   33.5679537   7.9083554    0.9316300    4
55.2412913   60.8995862   42.4053937   23.8422622   100.3061366  98.3572862   37.3861096   8.9320984    1.3815361    4
53.7776649   57.1768842   42.2781218   22.7816634   102.1913510  97.8561532   37.7249709   9.3163003    1.1950828    4
55.1246254   61.4086736   41.8207385   23.9960491   87.0698629   85.1051035   34.6943097   8.7769858    1.2701732    4
53.0935786   57.8768794   40.6872235   22.2990909   101.0140863  95.8118489   36.8770221   8.9289166    1.0690836    4
53.2314565   56.7632506   41.5423313   23.1263580   102.9231642  98.4766035   38.8370088   9.2367554    1.2313553    4
53.1147906   60.3586807   43.0536847   22.9248442   106.7254111  100.6481797  38.3851937   9.2097101    1.0245385    4
55.0238685   59.4995957   43.3917506   24.3831676   107.7754040  103.1061175  40.9131311   9.8715238    1.2523551    4
53.1943355   57.8450615   40.2457492   22.3680298   92.6061889   89.7346175   34.3984026   8.3935793    1.1651739    4
52.8284289   58.9268723   41.6298307   22.0763651   113.0651408  106.1447333  37.3033829   8.7642586    1.0398111    4
53.1306996   58.8950543   41.0014259   22.5377256   99.4709150   94.4595854   35.4245320   8.5184648    1.0792654    4
53.0723666   57.6541537   41.1366523   22.1293951   105.6913272  100.8231785  38.0192871   9.0219841    1.1289014    4
54.0056936   60.0086831   43.3997051   23.8051413   105.9060985  100.4095450  37.9524694   9.0267568    1.1059925    4
54.5572050   59.9450472   43.0695937   23.3862047   109.7719813  106.3435955  39.5179133   9.4722084    1.1339923    4
53.9950876   58.3859669   43.2923194   22.7551484   120.4866812  114.1230881  42.9081175   10.3360661   1.2727186    4
53.8147858   58.4496028   43.0019805   23.3809017   111.8003766  105.5720099  38.9038265   9.3552773    1.1320832    4
53.0829726   58.2905130   41.9997146   22.8559053   110.1219790  104.9276961  41.4890362   9.7402747    1.1543558    4
53.5337271   58.7359645   42.6559601   22.8824203   112.9537779  106.8049560  40.9147220   9.7092522    1.1492649    4
53.3534253   59.4041418   40.6355193   22.4422717   99.5584144   95.2073076   34.8947629   8.3243753    0.9819024    4
53.0776696   57.9723333   40.9855169   22.1134861   105.5401919  100.1947737  38.4583750   9.0856201    1.1257196    4
55.3420482   60.8995862   43.5349314   24.2399868   110.4003862  105.7072362  40.7826774   9.5175490    1.1944464    4
52.7753989   59.1177801   39.9872283   21.4187938   98.2061508   93.2345937   35.2829421   8.7523269    1.0627201    4
52.7011570   57.1132483   39.4184821   21.2331890   94.9289004   90.0527971   31.9579647   7.6904023    0.9284482    4
52.1602516   58.8632364   40.9377900   21.8324274   108.3719908  102.0243067  39.1758701   8.7300543    1.0729018    4
52.8973678   58.8314184   40.9894942   22.2884849   100.1788647  95.6527591   35.9447557   8.4094883    1.0289930    4
53.4223642   59.3405059   42.8230045   23.2536299   100.8470420  97.2436574   37.2190653   8.9042577    1.1734466    4
54.0746325   59.2132340   42.3536895   22.8028753   105.7310997  99.4788695   38.1911041   9.4650493    1.0118113    4
52.8390349   59.0223262   41.4667637   22.1559100   107.8708579  103.0186181  38.3422395   8.9734617    1.0538110    4
52.8019139   57.9405154   40.3412031   22.2354550   98.2300143   93.8789075   36.3202077   8.6696002    1.0894471    4
54.0799355   60.5177706   42.6559601   23.3225688   120.3912274  114.7753564  42.9176629   10.3877703   1.3306273    4
52.9503978   59.2768699   41.7014212   23.4074167   101.6186276  96.7743424   37.2127017   8.7952811    1.1868101    4
53.1041846   58.0041513   41.6417625   22.6225735   109.0003957  105.0788314  41.1740384   9.2757324    1.0792654    4
53.4223642   59.7859574   40.7230187   22.1824250   100.9981773  97.5220646   37.7520162   9.1938012    1.1594467    4
54.6314469   62.3313946   41.5661948   22.4104538   102.1197606  98.9300096   37.3527007   9.2256191    1.2001737    4
53.2261535   57.6859716   41.2599469   22.4740897   110.0424340  104.0686110  36.3949800   8.7801676    1.1333559    4
53.5072122   57.2723381   41.7889206   22.7286334   106.0333704  100.1709102  38.9260991   9.4753902    1.2027191    4
